1 0.098828125 0.6451388888888889 0.19609375 0.22361111111111112
1 0.111328125 0.32916666666666666 0.04609375 0.275
1 0.021484375 0.13680555555555557 0.04296875 0.27361111111111114
1 0.066796875 0.1361111111111111 0.04140625 0.26944444444444443
1 0.871875 0.12083333333333333 0.0703125 0.24166666666666667
6 0.508203125 0.6847222222222222 0.32109375 0.625
6 0.84921875 0.7416666666666667 0.296875 0.5111111111111111
6 0.80546875 0.46458333333333335 0.2359375 0.5430555555555555
6 0.949609375 0.5076388888888889 0.09609375 0.6125
6 0.88828125 0.5861111111111111 0.2203125 0.375
2 0.373046875 0.06875 0.74453125 0.1375
2 0.399609375 0.2361111111111111 0.33671875 0.3416666666666667
2 0.444140625 0.1423611111111111 0.35859375 0.1736111111111111
2 0.4671875 0.05 0.3609375 0.1
2 0.441796875 0.21388888888888888 0.35234375 0.11944444444444445
4 0.85859375 0.7097222222222223 0.278125 0.4305555555555556
4 0.747265625 0.7930555555555555 0.20859375 0.4111111111111111
4 0.903515625 0.7173611111111111 0.19140625 0.3402777777777778
4 0.098046875 0.7444444444444445 0.19453125 0.325
4 0.094921875 0.7208333333333333 0.18828125 0.30833333333333335
3 0.92578125 0.4284722222222222 0.1453125 0.8236111111111111
3 0.890625 0.44375 0.215625 0.7652777777777777
3 0.83515625 0.5048611111111111 0.2296875 0.7347222222222223
3 0.1265625 0.4638888888888889 0.2484375 0.6583333333333333
3 0.225 0.49236111111111114 0.1703125 0.7319444444444444
5 0.339453125 0.4986111111111111 0.62421875 0.9972222222222222
5 0.70234375 0.49930555555555556 0.59375 0.9986111111111111
5 0.668359375 0.39444444444444443 0.65859375 0.7888888888888889
5 0.383203125 0.4638888888888889 0.59296875 0.9222222222222223
5 0.553125 0.4965277777777778 0.5515625 0.9930555555555556
9 0.322265625 0.7180555555555556 0.37265625 0.5555555555555556
9 0.896875 0.6743055555555556 0.1890625 0.6458333333333334
9 0.571484375 0.6840277777777778 0.14453125 0.6263888888888889
9 0.09453125 0.5618055555555556 0.1828125 0.5875
9 0.7875 0.2923611111111111 0.178125 0.5347222222222222
8 0.6578125 0.5402777777777777 0.59375 0.07222222222222222
8 0.22421875 0.5319444444444444 0.4453125 0.28888888888888886
8 0.836328125 0.3486111111111111 0.32578125 0.3611111111111111
8 0.1578125 0.5145833333333333 0.315625 0.12083333333333333
8 0.769140625 0.3402777777777778 0.28046875 0.058333333333333334
7 0.567578125 0.5631944444444444 0.85703125 0.5763888888888888
7 0.66171875 0.5944444444444444 0.65625 0.6805555555555556
7 0.6921875 0.38263888888888886 0.609375 0.7541666666666667
7 0.524609375 0.3993055555555556 0.57734375 0.7986111111111112
7 0.439453125 0.5756944444444444 0.55390625 0.8402777777777778
0 0.314453125 0.40555555555555556 0.62890625 0.8111111111111111
0 0.673828125 0.4215277777777778 0.53203125 0.8430555555555556
0 0.734375 0.41388888888888886 0.5265625 0.8277777777777777
0 0.725390625 0.39375 0.54765625 0.7847222222222222
0 0.794140625 0.4979166666666667 0.41015625 0.9958333333333333
