1 0.098828125 0.6451388888888889 0.19609375 0.22361111111111112
1 0.021484375 0.13680555555555557 0.04296875 0.27361111111111114
1 0.066796875 0.1361111111111111 0.04140625 0.26944444444444443
1 0.871875 0.12083333333333333 0.0703125 0.24166666666666667
1 0.065234375 0.14097222222222222 0.05078125 0.23194444444444445
6 0.80546875 0.46458333333333335 0.2359375 0.5430555555555555
6 0.949609375 0.5076388888888889 0.09609375 0.6125
6 0.88828125 0.5861111111111111 0.2203125 0.375
6 0.874609375 0.5791666666666667 0.24609375 0.30833333333333335
6 0.334375 0.5208333333333334 0.184375 0.37777777777777777
2 0.373046875 0.06875 0.74453125 0.1375
2 0.399609375 0.2361111111111111 0.33671875 0.3416666666666667
2 0.4671875 0.05 0.3609375 0.1
2 0.57109375 0.08680555555555555 0.3359375 0.1736111111111111
2 0.7234375 0.2986111111111111 0.296875 0.3194444444444444
4 0.747265625 0.7930555555555555 0.20859375 0.4111111111111111
4 0.903515625 0.7173611111111111 0.19140625 0.3402777777777778
4 0.098046875 0.7444444444444445 0.19453125 0.325
4 0.094921875 0.7208333333333333 0.18828125 0.30833333333333335
4 0.128515625 0.6409722222222223 0.18515625 0.3125
3 0.92578125 0.4284722222222222 0.1453125 0.8236111111111111
3 0.890625 0.44375 0.215625 0.7652777777777777
3 0.9234375 0.5055555555555555 0.1484375 0.7361111111111112
3 0.720703125 0.46041666666666664 0.19609375 0.6986111111111111
3 0.83203125 0.45208333333333334 0.1125 0.7430555555555556
5 0.70234375 0.49930555555555556 0.59375 0.9986111111111111
5 0.668359375 0.39444444444444443 0.65859375 0.7888888888888889
5 0.649609375 0.4965277777777778 0.54453125 0.9902777777777778
5 0.437109375 0.5347222222222222 0.56953125 0.925
5 0.78671875 0.49166666666666664 0.4234375 0.9777777777777777
9 0.09453125 0.5618055555555556 0.1828125 0.5875
9 0.7875 0.2923611111111111 0.178125 0.5347222222222222
9 0.590234375 0.5347222222222222 0.15703125 0.5138888888888888
9 0.140625 0.5527777777777778 0.159375 0.49722222222222223
9 0.040625 0.49930555555555556 0.08125 0.5347222222222222
8 0.6578125 0.5402777777777777 0.59375 0.07222222222222222
8 0.22421875 0.5319444444444444 0.4453125 0.28888888888888886
8 0.836328125 0.3486111111111111 0.32578125 0.3611111111111111
8 0.417578125 0.37569444444444444 0.21015625 0.2986111111111111
8 0.66171875 0.5305555555555556 0.1796875 0.05277777777777778
7 0.567578125 0.5631944444444444 0.85703125 0.5763888888888888
7 0.6921875 0.38263888888888886 0.609375 0.7541666666666667
7 0.524609375 0.3993055555555556 0.57734375 0.7986111111111112
7 0.439453125 0.5756944444444444 0.55390625 0.8402777777777778
7 0.783984375 0.49722222222222223 0.42890625 0.9944444444444445
0 0.314453125 0.40555555555555556 0.62890625 0.8111111111111111
0 0.734375 0.41388888888888886 0.5265625 0.8277777777777777
0 0.790234375 0.4847222222222222 0.41796875 0.9638888888888889
0 0.5625 0.3923611111111111 0.515625 0.7847222222222222
0 0.7625 0.42986111111111114 0.471875 0.8569444444444444
